200 1540 230 1580
319 1539 349 1579
452 1539 482 1579
567 1540 597 1580
681 1539 711 1579
829 1541 859 1581
968 1537 998 1577
1149 1555 1179 1595
1472 1425 1502 1465
1595 1341 1625 1381
1796 1185 1826 1225
1797 1012 1827 1052
1796 939 1826 979
1796 810 1826 850
1795 715 1825 755
1797 598 1827 638
1798 483 1828 523
1904 371 1934 411
1948 316 1978 356
2003 269 2033 309
552 1414 582 1454
711 1415 741 1455
870 1413 900 1453
1149 1511 1179 1551
1317 1480 1347 1520
1428 1372 1458 1412
1493 1281 1523 1321
1491 1174 1521 1214
1356 930 1386 970
1267 714 1297 754
1271 605 1301 645
1195 480 1225 520
1101 383 1131 423
1050 334 1080 374
1001 271 1031 311
917 226 947 266
767 226 797 266
703 226 733 266
634 198 664 238
587 149 617 189
545 105 575 145
468 49 498 89
407 51 437 91
347 52 377 92
284 50 314 90
223 51 253 91
160 52 190 92
542 909 572 949
735 837 765 877
865 769 895 809
986 768 1016 808
1179 831 1209 871
1234 714 1264 754
1419 716 1449 756
1652 715 1682 755
1826 716 1856 756
1898 715 1928 755
1964 717 1994 757
2048 672 2078 712
2120 606 2150 646
2162 562 2192 602
2194 528 2224 568
2227 495 2257 535
2259 460 2289 500
2292 432 2322 472
2325 402 2355 442
2357 372 2387 412
2358 313 2388 353
542 816 572 856
646 705 676 745
779 666 809 706
872 665 902 705
962 667 992 707
1063 656 1093 696
1230 482 1260 522
1319 479 1349 519
1562 461 1592 501
1708 482 1738 522
1830 482 1860 522
1958 583 1988 623
1996 717 2026 757
1992 818 2022 858
1992 941 2022 981
1997 1114 2027 1154
1946 1251 1976 1291
1864 1336 1894 1376
1622 1422 1652 1462
1501 1424 1531 1464
1214 1421 1244 1461
1055 1418 1085 1458
954 1314 984 1354
899 1030 929 1070
738 999 768 1039
574 1001 604 1041
572 909 602 949
463 868 493 908
390 875 420 915
391 807 421 847
392 663 422 703
358 532 388 572
304 496 334 536
265 462 295 502
221 415 251 455
165 364 195 404
130 323 160 363
91 286 121 326
630 1211 660 1251
783 1208 813 1248
884 1103 914 1143
964 1028 994 1068
1066 1030 1096 1070
1152 1169 1182 1209
1303 1332 1333 1372
1625 1339 1655 1379
1731 1182 1761 1222
1731 1010 1761 1050
1731 941 1761 981
1650 861 1680 901
1576 763 1606 803
1569 585 1599 625
1560 503 1590 543
1578 365 1608 405
1697 368 1727 408
1774 369 1804 409
1870 371 1900 411
136 579 166 619
179 634 209 674
216 671 246 711
259 713 289 753
301 755 331 795
359 804 389 844
464 808 494 848
570 814 600 854
734 880 764 920
805 877 835 917
868 878 898 918
939 877 969 917
1098 1030 1128 1070
1217 1170 1247 1210
1323 1228 1353 1268
1668 1183 1698 1223
1591 1026 1621 1066
1453 930 1483 970
1453 714 1483 754
1440 605 1470 645
1319 521 1349 561
1195 522 1225 562
982 409 1012 449
866 410 896 450
715 411 745 451
455 1315 485 1355
582 1316 612 1356
749 1319 779 1359
921 1312 951 1352
1167 1315 1197 1355
1356 1230 1386 1270
1556 1175 1586 1215
1701 1182 1731 1222
1827 1185 1857 1225
1887 1150 1917 1190
1886 1036 1916 1076
1883 940 1913 980
1828 809 1858 849
1637 774 1667 814
1607 607 1637 647
1623 516 1653 556
1610 365 1640 405
1610 279 1640 319
1659 227 1689 267
1716 174 1746 214
1873 130 1903 170
267 578 297 618
436 582 466 622
583 578 613 618
815 578 845 618
930 579 960 619
1095 655 1125 695
1244 830 1274 870
1302 894 1332 934
1420 930 1450 970
1764 941 1794 981
1918 940 1948 980
2026 940 2056 980
2075 937 2105 977
2110 911 2140 951
2141 878 2171 918
2173 846 2203 886
2204 814 2234 854
2235 784 2265 824
2267 750 2297 790
2301 716 2331 756
2334 683 2364 723
2364 651 2394 691
2404 600 2434 640
355 1097 385 1137
480 1099 510 1139
612 1108 642 1148
816 1207 846 1247
908 1219 938 1259
1031 1218 1061 1258
1218 1211 1248 1251
1388 1231 1418 1271
1522 1176 1552 1216
1390 1002 1420 1042
1389 929 1419 969
1387 715 1417 755
1391 513 1421 553
1391 410 1421 450
1389 324 1419 364
1392 221 1422 261
1545 119 1575 159
1905 130 1935 170
2089 121 2119 161
2153 60 2183 100
101 230 131 270
172 228 202 268
243 229 273 269
313 230 343 270
382 231 412 271
453 249 483 289
519 314 549 354
584 376 614 416
648 409 678 449
750 477 780 517
871 475 901 515
988 504 1018 544
1125 653 1155 693
1017 769 1047 809
1043 885 1073 925
1165 985 1195 1025
1335 1113 1365 1153
1593 1117 1623 1157
1697 1115 1727 1155
1830 1114 1860 1154
1965 1112 1995 1152
2096 1114 2126 1154
2190 1115 2220 1155
2294 1114 2324 1154
562 1208 592 1248
748 1206 778 1246
930 1027 960 1067
1130 988 1160 1028
1205 912 1235 952
1211 831 1241 871
1297 713 1327 753
1484 929 1514 969
1682 864 1712 904
1931 874 1961 914
2023 815 2053 855
2086 605 2116 645
2091 443 2121 483
2004 313 2034 353
585 1412 615 1452
743 1414 773 1454
901 1413 931 1453
1056 1374 1086 1414
1142 1280 1172 1320
1186 1169 1216 1209
1099 988 1129 1028
972 880 1002 920
1049 768 1079 808
1160 655 1190 695
1162 522 1192 562
1160 393 1190 433
1161 338 1191 378
1161 272 1191 312
1159 210 1189 250
1122 158 1152 198
1047 99 1077 139
981 98 1011 138
895 98 925 138
102 188 132 228
173 188 203 228
241 188 271 228
313 187 343 227
383 187 413 227
455 207 485 247
519 272 549 312
584 334 614 374
680 408 710 448
678 520 708 560
680 621 710 661
679 703 709 743
734 794 764 834
643 1038 673 1078
645 1106 675 1146
596 1205 626 1245
77 812 107 852
166 810 196 850
256 809 286 849
